{'Kc': 2, 'Nc': 10, 'Nhid': 10, 'Tactual_cont': [tensor([[0.4833, 0.0553, 0.2933],
        [0.1250, 0.4914, 0.2744],
        [0.3917, 0.4533, 0.4322]]), tensor([[0.5722, 0.0133, 0.1649],
        [0.2087, 0.7506, 0.2543],
        [0.2191, 0.2361, 0.5808]])], 'Tdat_cont': [array([[0.37628866, 0.06417112, 0.22273782],
       [0.18556701, 0.53475936, 0.3225058 ],
       [0.43814433, 0.40106952, 0.45475638]]), array([[0.57746479, 0.0975    , 0.12953368],
       [0.11737089, 0.6475    , 0.30310881],
       [0.30516432, 0.255     , 0.56735751]])], 'K': 3, 'N': 10, 'ntrain': 10, 'nepochs': 1000, 'lr': 0.001, 'ntest': 1000}
