{'Kc': 2, 'Nc': 10, 'Nhid': 10, 'Tactual_cont': [tensor([[0.3231, 0.4616, 0.4283],
        [0.0537, 0.1408, 0.3303],
        [0.6232, 0.3977, 0.2414]]), tensor([[0.4002, 0.2827, 0.3934],
        [0.4797, 0.3297, 0.3480],
        [0.1201, 0.3876, 0.2586]])], 'Tdat_cont': [array([[0.33727811, 0.34339623, 0.33585859],
       [0.26923077, 0.24528302, 0.27272727],
       [0.39349112, 0.41132075, 0.39141414]]), array([[0.31306991, 0.34688995, 0.32142857],
       [0.46200608, 0.39712919, 0.40079365],
       [0.22492401, 0.25598086, 0.27777778]])], 'K': 3, 'N': 10, 'ntrain': 5, 'nepochs': 100, 'lr': 0.001, 'ntest': 1000}
