{'Kc': 3, 'Nc': 10, 'Nhid': 10, 'Tactual_cont': [tensor([[0.3500, 0.2481, 0.4222, 0.3287],
        [0.2440, 0.2909, 0.4527, 0.2431],
        [0.2196, 0.2730, 0.1002, 0.3377],
        [0.1864, 0.1880, 0.0249, 0.0904]]), tensor([[0.3158, 0.3337, 0.3055, 0.3309],
        [0.2687, 0.2380, 0.1006, 0.2411],
        [0.0704, 0.2547, 0.3211, 0.1208],
        [0.3451, 0.1736, 0.2727, 0.3072]]), tensor([[0.2359, 0.1176, 0.0976, 0.3083],
        [0.2636, 0.3219, 0.2784, 0.2702],
        [0.3867, 0.3065, 0.1368, 0.2862],
        [0.1138, 0.2541, 0.4872, 0.1352]])], 'Tdat_cont': [array([[0.31831832, 0.28971963, 0.45945946, 0.2601626 ],
       [0.30630631, 0.26479751, 0.36936937, 0.43089431],
       [0.22822823, 0.27725857, 0.11261261, 0.2601626 ],
       [0.14714715, 0.1682243 , 0.05855856, 0.04878049]]), array([[0.34782609, 0.25704225, 0.35329341, 0.34513274],
       [0.29503106, 0.3028169 , 0.23353293, 0.28761062],
       [0.08074534, 0.27816901, 0.20359281, 0.11946903],
       [0.27639752, 0.16197183, 0.20958084, 0.24778761]]), array([[0.27380952, 0.07194245, 0.08741259, 0.28838951],
       [0.29761905, 0.32374101, 0.20979021, 0.29213483],
       [0.29166667, 0.38489209, 0.17832168, 0.29213483],
       [0.13690476, 0.21942446, 0.52447552, 0.12734082]])], 'K': 4, 'N': 10, 'ntrain': 5, 'nepochs': 10000, 'lr': 0.001, 'ntest': 1000}
